//==================================================================================================================
// Events:
//		0 = Invasion of Dragons
//		1 = Skeleton King Invasion
//		2 = Golden Invasion
//		3 = White Wizard Invasion
//==================================================================================================================


//==================================================================================================================
// 	Event	Hour	Minutes
//==================================================================================================================
0
	// Red Dragon Invasion
	0	0	30
	0	2	30
	0	4	30
	0	6	30
	0	8	30
	0	10	30
	0	12	30
	0	14	30
	0	16	30
	0	18	30
	0	20	30
	0	22	30

	// Skeleton King
	1	0	0
	1	2	0
	1	4	0
	1	6	0
	1	8	0
	1	10	0
	1	12	0
	1	14	0
	1	16	0
	1	18	0
	1	20	0
	1	22	0
	1	24	0

	// Golden Invasion
	2	1	0
	2	5	0
	2	9	0
	2	13	0
	2	17	0
	2	21	0

	// White Wizard
	3	1	30
	3	3	30
	3	5	30
	3	7	30
	3	9	30
	3	11	30
	3	13	30
	3	15	30
	3	17	30
	3	19	30
	3	21	30
	3	23	30
        
end

// Custom Events:
// Type:
// 0 Blue Event
// 1 HappyHour Event
// 2 Sky Event
// 3 Drop Event
// 4 Boss Attack Event
// 5 Question and Answers
// Month = -1
// Day = -1 (The event happens every day)
// DayofWeek (Remember that the first day would be Sunday) (if put -1, happens every day). 
// Hour&Min (Time) = format 24:00

//[Type][Month][Day][DayOfWeek][Hour][Min]
1
0	-1	-1	-1	00	40
0	-1	-1	-1	03	40
0	-1	-1	-1	06	40
0	-1	-1	-1	09	40
0	-1	-1	-1	12	40
0	-1	-1	-1	16	10
0	-1	-1	-1	18	40
0	-1	-1	-1	22	40

1	-1	-1	-1	01	40
1	-1	-1	-1	04	40
1	-1	-1	-1	07	40
1	-1	-1	-1	09	40
1	-1	-1	-1	13	40
1	-1	-1	-1	17	40
1	-1	-1	-1	18	40
1	-1	-1	-1	19	40

2	-1	-1	-1	02	40
2	-1	-1	-1	05	40
2	-1	-1	-1	08	40
2	-1	-1	-1	10	40
2	-1	-1	-1	14	40
2	-1	-1	-1	18	40
2	-1	-1	-1	19	40
2	-1	-1	-1	15	52

3	-1	-1	-1	14	46
3	-1	-1	-1	06	40
3	-1	-1	-1	08	40
3	-1	-1	-1	10	40
3	-1	-1	-1	12	40
3	-1	-1	-1	14	40
3	-1	-1	-1	16	40
3	-1	-1	-1	18	26

4	-1	-1	-1	14	29
4	-1	-1	-1	13	43
4	-1	-1	-1	14	43
4	-1	-1	-1	15	43
4	-1	-1	-1	16	43

5	-1	-1	-1	12	11
5	-1	-1	-1	12	15
5	-1	-1	-1	13	14
end